99 99 100
98 99 99
97 99 98
97 98 97
97 97 96
97 96 95
96 96 94
95 96 93
95 95 92
95 94 91
94 94 90
93 93 90
93 92 89
92 91 89
92 90 88
91 90 87
90 90 86
89 89 86
89 88 85
89 87 84
89 86 83
88 85 83
87 85 82
86 84 82
85 83 82
84 82 82
84 81 81
84 80 80
83 80 79
82 80 78
82 79 77
81 79 76
81 78 75
80 78 74
79 78 73
79 77 72
78 76 72
77 75 72
76 74 72
75 73 72
74 72 72
73 72 71
72 72 70
72 71 69
71 70 69
70 69 69
69 69 68
68 68 68
67 68 67
66 68 66
65 67 66
64 66 66
63 66 65
63 65 64
63 64 63
62 64 62
61 64 61
61 63 60
60 63 59
59 62 59
58 61 59
57 60 59
57 59 58
56 58 58
56 57 57
56 56 56
56 55 55
55 54 55
54 53 55
53 52 55
52 51 55
51 50 55
50 50 54
49 50 53
48 50 52
47 49 52
46 48 52
45 48 51
44 47 51
44 46 50
44 45 49
43 45 48
42 44 48
41 44 47
40 44 46
39 44 45
38 44 44
37 44 43
37 43 42
37 42 41
36 41 41
35 40 41
35 39 40
35 38 39
34 37 39
33 36 39
33 35 38
32 35 37
31 34 37
31 33 36
31 32 35
30 32 34
29 32 33
28 31 33
27 30 33
27 29 32
27 28 31
26 28 30
25 28 29
25 27 28
24 26 28
23 25 28
23 24 27
22 23 27
21 22 27
20 21 27
19 21 26
18 21 25
17 21 24
16 21 23
15 21 22
14 20 22
13 20 21
12 20 20
12 19 19
12 18 18
11 18 17
10 18 16
10 17 15
10 16 14
9 15 14
8 15 13
7 14 13
7 13 12
6 12 12
5 11 12
5 10 11
4 10 10
3 10 9
3 9 8
3 8 7
2 8 6
2 7 5
2 6 4
1 6 3
1 5 2
0 4 2
0 3 1
0 2 0
122959
